
68
Ind_0	0.0000000000	0.2857223941	0.2898156420	0.3021952473	0.2883322975	0.2880467091	0.2946589244	0.2976192608	0.2839599669	0.2946437918	0.2896773376	0.2935060910	0.2984078677	0.2896225645	0.2959467793	0.3048896050	0.2856982324	0.2876488672	0.2980668233	0.2920211044	0.2865073233	0.2910173743	0.2937808865	0.2962071722	0.2852633179	0.2885060823	0.2853901433	0.2856778447	0.3080452351	0.2903375650	0.3006971315	0.3049063051	0.2959393098	0.3002672940	0.3003096901	0.2897046408	0.2904859370	0.2849159636	0.2833637345	0.2881296579	0.2977549975	0.2935220995	0.2869541370	0.3014433688	0.2905504110	0.2887284205	0.2919676276	0.2987394703	0.3004641375	0.3052761199	0.2990325977	0.3023891448	0.2969240766	0.2887763865	0.3145222651	0.2973621035	0.2921552213	0.2816411065	0.2961270908	0.2848767454	0.2945441180	0.2842840123	0.2885646071	0.2863639811	0.2900814626	0.2852952615	0.2904444108	0.2941667405
Ind_1	0.2857223941	0.0000000000	0.2842065918	0.2960404561	0.2783534035	0.2790940323	0.2862692687	0.2887392798	0.2751487737	0.2871085397	0.2804137664	0.2866536657	0.2899222348	0.2807713749	0.2864630364	0.2977340708	0.2773935784	0.2796863619	0.2906455499	0.2846768625	0.2755849195	0.2807052801	0.2850049156	0.2889205149	0.2764812378	0.2809347984	0.2752175743	0.2772831736	0.2996478162	0.2830742721	0.2935735941	0.2988141694	0.2898195582	0.2916575707	0.2904796461	0.2816606565	0.2842543384	0.2776433221	0.2753765592	0.2817670206	0.2878609201	0.2853321590	0.2780394578	0.2951972214	0.2824408323	0.2831446160	0.2863843167	0.2914297807	0.2944913151	0.3004721471	0.2919380431	0.2964392814	0.2897267429	0.2770768226	0.3088121502	0.2929154167	0.2847555617	0.2710193751	0.2878024161	0.2762148263	0.2865584479	0.2762851698	0.2810452324	0.2777347915	0.2824183311	0.2783948596	0.2849978072	0.2892246664
Ind_2	0.2898156420	0.2842065918	0.0000000000	0.2992558175	0.2832009393	0.2844413652	0.2906959004	0.2922560924	0.2786310952	0.2899356407	0.2862089119	0.2895348637	0.2935252055	0.2842843489	0.2904897253	0.3039877440	0.2814213906	0.2819971001	0.2953640323	0.2893425985	0.2818033447	0.2864249871	0.2896093632	0.2932797108	0.2820109524	0.2852279227	0.2798063686	0.2791033683	0.3040534948	0.2863804116	0.2965826003	0.3013100860	0.2915515026	0.2964136559	0.2946139849	0.2865765392	0.2852857207	0.2802676573	0.2780783051	0.2851107942	0.2926751222	0.2881204507	0.2815660139	0.2974326131	0.2855211100	0.2862141144	0.2900482413	0.2960271502	0.2967365039	0.3038903155	0.2945684596	0.2996971616	0.2929089126	0.2841114158	0.3104895774	0.2947888484	0.2887068911	0.2777316369	0.2907706521	0.2808184997	0.2909804312	0.2813190639	0.2831812337	0.2809744210	0.2852730758	0.2813007079	0.2872579927	0.2914167693
Ind_3	0.3021952473	0.2960404561	0.2992558175	0.0000000000	0.2958192693	0.2962864559	0.3012665913	0.3024329223	0.2942619902	0.3026163605	0.2972009297	0.3039404908	0.3054925737	0.2958913521	0.3009980407	0.3129812904	0.2937055993	0.2974195883	0.3059023054	0.3017111909	0.2923465461	0.2966777740	0.3003277326	0.3019347567	0.2948113864	0.2966151625	0.2940860408	0.2934482956	0.3141850518	0.2993849935	0.3085327300	0.3119420416	0.3034686444	0.3071659526	0.3063733951	0.2984771993	0.2990182249	0.2935001559	0.2937516085	0.2968813028	0.3034191676	0.3019395285	0.2956805951	0.3077840392	0.2983312203	0.2967754040	0.3012249215	0.3075325479	0.3071879015	0.3134060333	0.3065452566	0.3106363786	0.3051776066	0.2989508875	0.3196778149	0.3053509281	0.2996067966	0.2907771689	0.3030709352	0.2945288757	0.3024180312	0.2932038651	0.2977118582	0.2945877581	0.2995123111	0.2950257496	0.2971744053	0.3008271056
Ind_4	0.2883322975	0.2783534035	0.2832009393	0.2958192693	0.0000000000	0.2799060157	0.2879492877	0.2889830909	0.2756604906	0.2872333397	0.2823998268	0.2869572263	0.2904222932	0.2812429658	0.2882017280	0.2984421914	0.2771097258	0.2797578536	0.2909692950	0.2868197372	0.2782866097	0.2812140210	0.2857425175	0.2887284275	0.2784722392	0.2811262712	0.2765048596	0.2769165206	0.2997534665	0.2841673876	0.2949940908	0.3006057183	0.2897070317	0.2931630460	0.2906025323	0.2828992914	0.2836058052	0.2781532656	0.2771408418	0.2810146780	0.2897133204	0.2885305228	0.2794448478	0.2965726424	0.2844162247	0.2849426931	0.2870542982	0.2921295608	0.2949777490	0.3008017130	0.2912569219	0.2967163505	0.2914001874	0.2796862059	0.3103159769	0.2919977784	0.2847024172	0.2742100001	0.2886537383	0.2769970829	0.2889403244	0.2784668346	0.2819267648	0.2781746465	0.2822308999	0.2778722654	0.2855743574	0.2912524667
Ind_5	0.2880467091	0.2790940323	0.2844413652	0.2962864559	0.2799060157	0.0000000000	0.2872947275	0.2884615386	0.2768393947	0.2879212377	0.2797592822	0.2859220767	0.2900977532	0.2805858233	0.2866639608	0.2968541035	0.2764550864	0.2817086524	0.2902451596	0.2842435183	0.2771327292	0.2823988544	0.2859737094	0.2896674095	0.2786142867	0.2813892155	0.2763327743	0.2798145343	0.3006236102	0.2822622106	0.2933846471	0.2996719632	0.2882395137	0.2923530916	0.2913633899	0.2822629199	0.2814152750	0.2766383655	0.2763433324	0.2811881318	0.2890058503	0.2869667470	0.2782137037	0.2951887078	0.2839604436	0.2799383340	0.2861849141	0.2932076001	0.2943085749	0.3005064148	0.2923384070	0.2957790859	0.2900613949	0.2779165185	0.3092662459	0.2905793340	0.2837232801	0.2729662023	0.2877165662	0.2778405718	0.2860714146	0.2762979029	0.2810516026	0.2785349546	0.2816268243	0.2771355032	0.2844280986	0.2896027111
Ind_6	0.2946589244	0.2862692687	0.2906959004	0.3012665913	0.2879492877	0.2872947275	0.0000000000	0.2936833974	0.2834916128	0.2950681242	0.2875884147	0.2922370277	0.2956659734	0.2865005912	0.2917283739	0.3050287964	0.2832262581	0.2878637620	0.2966682515	0.2913168667	0.2813319688	0.2848634826	0.2905643036	0.2932164504	0.2846395927	0.2854915348	0.2836457499	0.2843290183	0.3039317888	0.2896598993	0.2985032724	0.3049466675	0.2937577013	0.2974308140	0.2974661065	0.2887154020	0.2901767555	0.2836242822	0.2821870690	0.2883334940	0.2941050376	0.2918983167	0.2854939170	0.2998407994	0.2902717902	0.2871544563	0.2914288237	0.2980598698	0.2990298074	0.3050086439	0.2977122852	0.3021838698	0.2967731156	0.2875930234	0.3114709860	0.2967646290	0.2905630437	0.2798278187	0.2952150862	0.2856085323	0.2930827415	0.2848392473	0.2886859094	0.2854924042	0.2925072732	0.2859094297	0.2868311589	0.2910918133
Ind_7	0.2976192608	0.2887392798	0.2922560924	0.3024329223	0.2889830909	0.2884615386	0.2936833974	0.0000000000	0.2848871154	0.2968540629	0.2865217294	0.2958988170	0.2981830300	0.2874373474	0.2943853717	0.3065307597	0.2821047461	0.2888631160	0.2987962914	0.2922821627	0.2831628485	0.2890477760	0.2920591688	0.2954249533	0.2861681298	0.2896048271	0.2855912160	0.2855961310	0.3058082408	0.2909988223	0.3015020639	0.3056004796	0.2962137721	0.2991055179	0.2963454439	0.2903066388	0.2910176255	0.2840182213	0.2836336098	0.2909538842	0.2955686767	0.2950800271	0.2866385478	0.2993479795	0.2932627454	0.2890604924	0.2957657233	0.3004379477	0.2991998428	0.3071440581	0.2982582706	0.3037617809	0.2983970582	0.2899842283	0.3146637712	0.2982554170	0.2922315147	0.2827737706	0.2955751294	0.2860553217	0.2947669317	0.2870722687	0.2907151436	0.2867198132	0.2920006215	0.2882914361	0.2892401387	0.2954469994
Ind_8	0.2839599669	0.2751487737	0.2786310952	0.2942619902	0.2756604906	0.2768393947	0.2834916128	0.2848871154	0.0000000000	0.2810755928	0.2758557150	0.2836569256	0.2852270391	0.2760839652	0.2860031354	0.2949936801	0.2742298764	0.2744861778	0.2876738793	0.2793131779	0.2743719190	0.2784407123	0.2820657631	0.2860847678	0.2722418288	0.2768256004	0.2710479296	0.2734793724	0.2979043543	0.2789734603	0.2905015420	0.2956673859	0.2841405126	0.2895706968	0.2875399690	0.2810063545	0.2792301405	0.2712437890	0.2726166542	0.2759007560	0.2867959422	0.2826785848	0.2740249145	0.2928731609	0.2791229401	0.2795933404	0.2803132104	0.2878048906	0.2892612053	0.2974049328	0.2881852719	0.2939229326	0.2853386682	0.2741985517	0.3046322825	0.2872503524	0.2803248688	0.2694124246	0.2848050147	0.2731712591	0.2836438505	0.2708412347	0.2750200771	0.2748278296	0.2788363343	0.2710461438	0.2782467549	0.2845566303
Ind_9	0.2946437918	0.2871085397	0.2899356407	0.3026163605	0.2872333397	0.2879212377	0.2950681242	0.2968540629	0.2810755928	0.0000000000	0.2872655830	0.2930696888	0.2962734838	0.2887595976	0.2941073520	0.3034909468	0.2834580816	0.2878583010	0.2976699777	0.2936738154	0.2849874525	0.2909827894	0.2943196638	0.2964722012	0.2858227481	0.2897427242	0.2846715492	0.2855210043	0.3084289558	0.2909340310	0.2993103434	0.3048109265	0.2959452095	0.2984627221	0.2975893725	0.2894698280	0.2895669317	0.2830998741	0.2836638016	0.2886488921	0.2957492557	0.2938359975	0.2850614028	0.3007226225	0.2900431616	0.2875834789	0.2935354688	0.2979798415	0.3003466536	0.3065927755	0.2982275814	0.3028830236	0.2959590078	0.2849434207	0.3143212798	0.2964826084	0.2911405450	0.2815307044	0.2939310577	0.2836101854	0.2941271388	0.2837043924	0.2881154532	0.2855384232	0.2893990423	0.2844870666	0.2927872480	0.2968924384
Ind_10	0.2896773376	0.2804137664	0.2862089119	0.2972009297	0.2823998268	0.2797592822	0.2875884147	0.2865217294	0.2758557150	0.2872655830	0.0000000000	0.2854660360	0.2900709643	0.2767491353	0.2842597010	0.2984848864	0.2740768804	0.2786719745	0.2917876872	0.2845298415	0.2753359810	0.2811067731	0.2865187924	0.2876423532	0.2767947115	0.2810622853	0.2768920030	0.2754265192	0.2977153361	0.2835786229	0.2933341828	0.3005021907	0.2881812785	0.2905293656	0.2882677753	0.2812558694	0.2826656743	0.2746861301	0.2734533491	0.2818422664	0.2867375016	0.2866938015	0.2765649647	0.2925777597	0.2820795052	0.2800344837	0.2859854943	0.2921119760	0.2938951815	0.2996328681	0.2910323871	0.2964338274	0.2899148059	0.2788384385	0.3074398626	0.2896971310	0.2842521016	0.2714554686	0.2889182419	0.2758314803	0.2867897717	0.2780206303	0.2791719690	0.2788285641	0.2828450411	0.2780947007	0.2829727872	0.2875852366
Ind_11	0.2935060910	0.2866536657	0.2895348637	0.3039404908	0.2869572263	0.2859220767	0.2922370277	0.2958988170	0.2836569256	0.2930696888	0.2854660360	0.0000000000	0.2950706953	0.2800269735	0.2934848890	0.3042806731	0.2831245297	0.2861805110	0.2956703427	0.2896523722	0.2822710313	0.2873388366	0.2920717571	0.2944538547	0.2815102352	0.2859594920	0.2837481496	0.2829066225	0.3063207526	0.2894409836	0.2984856000	0.3054303761	0.2942089144	0.2975986284	0.2956151928	0.2896732950	0.2892579907	0.2835510353	0.2823485271	0.2877100362	0.2947705784	0.2912003519	0.2859383476	0.2994188500	0.2889122490	0.2882367336	0.2912726531	0.2995505499	0.2993579652	0.3056177057	0.2974191028	0.3020910680	0.2960166692	0.2854018563	0.3126415677	0.2968651683	0.2896270223	0.2794502956	0.2936734889	0.2816749654	0.2926602217	0.2823457045	0.2870250482	0.2844359536	0.2877031605	0.2843796968	0.2892188500	0.2942133950
Ind_12	0.2984078677	0.2899222348	0.2935252055	0.3054925737	0.2904222932	0.2900977532	0.2956659734	0.2981830300	0.2852270391	0.2962734838	0.2900709643	0.2950706953	0.0000000000	0.2838679560	0.2961823387	0.3057542381	0.2863142792	0.2882252221	0.2990556301	0.2934067979	0.2874476186	0.2904240124	0.2947772338	0.2973048268	0.2880339995	0.2919662401	0.2862065749	0.2882109274	0.3093122078	0.2930832369	0.3036637812	0.3052596739	0.2988201749	0.3030571375	0.2993587179	0.2912473796	0.2908942895	0.2859873383	0.2866500210	0.2912609127	0.2973572438	0.2931835251	0.2879968258	0.3018594332	0.2944838341	0.2908539065	0.2941975298	0.3008282059	0.3025988668	0.3107167656	0.3008685789	0.3044432554	0.2986913392	0.2878018961	0.3156796142	0.2988774638	0.2922680165	0.2837924677	0.2975595151	0.2868185238	0.2952206923	0.2875722398	0.2894607383	0.2871145264	0.2908820349	0.2866638579	0.2930537913	0.2974171400
Ind_13	0.2896225645	0.2807713749	0.2842843489	0.2958913521	0.2812429658	0.2805858233	0.2865005912	0.2874373474	0.2760839652	0.2887595976	0.2767491353	0.2800269735	0.2838679560	0.0000000000	0.2841047381	0.2968526372	0.2743160381	0.2796821855	0.2895971623	0.2858248845	0.2744430752	0.2794368631	0.2850318686	0.2868966559	0.2775233298	0.2790435381	0.2753316893	0.2750876012	0.2981752263	0.2823611954	0.2947350881	0.2995674934	0.2861814047	0.2908580215	0.2880802351	0.2822901462	0.2821195885	0.2751405457	0.2739296146	0.2815952075	0.2879805740	0.2859878518	0.2767677145	0.2945711344	0.2839138914	0.2805024973	0.2864713545	0.2954366363	0.2939597336	0.2996906696	0.2907691407	0.2974887157	0.2903071898	0.2794272620	0.3064172458	0.2909627698	0.2833562210	0.2755193536	0.2898110377	0.2775893407	0.2879346581	0.2784230273	0.2790675782	0.2784510961	0.2829509788	0.2785848148	0.2821143574	0.2865686429
Ind_14	0.2959467793	0.2864630364	0.2904897253	0.3009980407	0.2882017280	0.2866639608	0.2917283739	0.2943853717	0.2860031354	0.2941073520	0.2842597010	0.2934848890	0.2961823387	0.2841047381	0.0000000000	0.3048490000	0.2818795073	0.2862980601	0.2961789385	0.2915342572	0.2808530881	0.2856094181	0.2911168703	0.2896750457	0.2825804304	0.2858990141	0.2828637666	0.2829182681	0.3013214214	0.2899712351	0.3013270650	0.3056566539	0.2950124380	0.2969603353	0.2937783712	0.2865374448	0.2888688731	0.2826545688	0.2794412067	0.2884845147	0.2941275721	0.2914283673	0.2821769607	0.2982892064	0.2890579986	0.2862728628	0.2920694904	0.3011479792	0.2981054666	0.3053966731	0.2956128020	0.3016858100	0.2978259601	0.2864390029	0.3107221422	0.2962118324	0.2916719915	0.2805374876	0.2948990765	0.2840899103	0.2935929670	0.2839670266	0.2883683901	0.2847653849	0.2901203775	0.2845130924	0.2879712976	0.2889834788
Ind_15	0.3048896050	0.2977340708	0.3039877440	0.3129812904	0.2984421914	0.2968541035	0.3050287964	0.3065307597	0.2949936801	0.3034909468	0.2984848864	0.3042806731	0.3057542381	0.2968526372	0.3048490000	0.0000000000	0.2928941126	0.2973837707	0.3070777247	0.3019970999	0.2940573314	0.2985432452	0.3011216154	0.3048491011	0.2947809111	0.2988965544	0.2930323084	0.2957307925	0.3162981052	0.2981636126	0.3099402065	0.3138208138	0.3060780777	0.3085511637	0.3056110187	0.3016562788	0.2995640595	0.2935812153	0.2957651339	0.2981217119	0.3056460645	0.3060626369	0.2965682951	0.3102258977	0.3003013670	0.3005034030	0.3049070872	0.3089630387	0.3107387239	0.3180767127	0.3098411797	0.3123226472	0.3067830414	0.2975298490	0.3246464719	0.3081268266	0.3005987100	0.2920354476	0.3058237248	0.2938319385	0.3049766185	0.2940776002	0.2989741957	0.2945079098	0.3003371940	0.2969161915	0.2999971038	0.3059578628
Ind_16	0.2856982324	0.2773935784	0.2814213906	0.2937055993	0.2771097258	0.2764550864	0.2832262581	0.2821047461	0.2742298764	0.2834580816	0.2740768804	0.2831245297	0.2863142792	0.2743160381	0.2818795073	0.2928941126	0.0000000000	0.2772743543	0.2868636800	0.2823699804	0.2714305097	0.2774483838	0.2798375875	0.2850326883	0.2723922339	0.2768122555	0.2715866721	0.2724545093	0.2947686421	0.2803596168	0.2914272796	0.2974998798	0.2844223874	0.2873938683	0.2856023088	0.2770410420	0.2785149573	0.2702809054	0.2705938999	0.2784759220	0.2825961863	0.2848718408	0.2747058506	0.2906969382	0.2776620131	0.2769782812	0.2834245025	0.2903954994	0.2906157298	0.2958066120	0.2878117934	0.2943786001	0.2888256668	0.2785334501	0.3051460585	0.2862845953	0.2793282719	0.2697722814	0.2856211605	0.2731119241	0.2846784780	0.2737195407	0.2767313731	0.2730607957	0.2788688942	0.2746048065	0.2786812376	0.2850128848
Ind_17	0.2876488672	0.2796863619	0.2819971001	0.2974195883	0.2797578536	0.2817086524	0.2878637620	0.2888631160	0.2744861778	0.2878583010	0.2786719745	0.2861805110	0.2882252221	0.2796821855	0.2862980601	0.2973837707	0.2772743543	0.0000000000	0.2848994050	0.2833833445	0.2756572802	0.2803472387	0.2850005615	0.2873841285	0.2766698950	0.2789798485	0.2766616270	0.2757387349	0.2988045908	0.2822778812	0.2932701781	0.2980096814	0.2888799996	0.2916673287	0.2895362831	0.2829944739	0.2816159176	0.2768975176	0.2744643378	0.2822301663	0.2883322393	0.2861758476	0.2774499372	0.2946923724	0.2819249419	0.2816391032	0.2859233623	0.2917749593	0.2939122536	0.2998979710	0.2905726890	0.2947679774	0.2881397423	0.2777392758	0.3084598751	0.2892371835	0.2843575265	0.2740265683	0.2882988174	0.2747693640	0.2853325324	0.2766887490	0.2780776042	0.2768135681	0.2804399576	0.2782239350	0.2820217704	0.2885318658
Ind_18	0.2980668233	0.2906455499	0.2953640323	0.3059023054	0.2909692950	0.2902451596	0.2966682515	0.2987962914	0.2876738793	0.2976699777	0.2917876872	0.2956703427	0.2990556301	0.2895971623	0.2961789385	0.3070777247	0.2868636800	0.2848994050	0.0000000000	0.2892398674	0.2872570656	0.2919095517	0.2965653685	0.2996571632	0.2868098619	0.2918141571	0.2866992134	0.2881702920	0.3085879908	0.2908273364	0.3018841334	0.3080871890	0.2981193621	0.3027345467	0.3019748474	0.2927743759	0.2918262161	0.2887220189	0.2882418796	0.2900638146	0.2992422319	0.2948347305	0.2902929396	0.3047490750	0.2930499824	0.2928579401	0.2956486878	0.3022414754	0.3033401023	0.3094754439	0.3012080507	0.3056583026	0.3009835517	0.2899794946	0.3160480243	0.2994685582	0.2938442819	0.2858693985	0.2976924202	0.2867916337	0.2961386300	0.2866359807	0.2890751368	0.2868260842	0.2932575905	0.2887361804	0.2950649589	0.2971537534
Ind_19	0.2920211044	0.2846768625	0.2893425985	0.3017111909	0.2868197372	0.2842435183	0.2913168667	0.2922821627	0.2793131779	0.2936738154	0.2845298415	0.2896523722	0.2934067979	0.2858248845	0.2915342572	0.3019970999	0.2823699804	0.2833833445	0.2892398674	0.0000000000	0.2806019201	0.2846590112	0.2895471804	0.2944128220	0.2806611008	0.2852161108	0.2797459017	0.2841290013	0.3048223655	0.2861790161	0.2968710493	0.3018855249	0.2916011215	0.2993060795	0.2960145660	0.2867530022	0.2856411403	0.2814341147	0.2812097061	0.2855931882	0.2928757902	0.2898026177	0.2824489799	0.2971116520	0.2856634783	0.2870592606	0.2892352851	0.2963693275	0.2953040214	0.3049077769	0.2969203075	0.2994694435	0.2917003980	0.2815854826	0.3103698078	0.2940695149	0.2876488672	0.2762322910	0.2933075780	0.2819680545	0.2893577430	0.2796939845	0.2830737557	0.2823510832	0.2882227278	0.2809470508	0.2864891435	0.2910065403
Ind_20	0.2865073233	0.2755849195	0.2818033447	0.2923465461	0.2782866097	0.2771327292	0.2813319688	0.2831628485	0.2743719190	0.2849874525	0.2753359810	0.2822710313	0.2874476186	0.2744430752	0.2808530881	0.2940573314	0.2714305097	0.2756572802	0.2872570656	0.2806019201	0.0000000000	0.2482872447	0.2567745750	0.2605652578	0.2544585757	0.2445597299	0.2586952735	0.2482912452	0.2622041970	0.2737730666	0.2831696620	0.2922472477	0.2815930984	0.2790116764	0.2806187112	0.2756777565	0.2704986111	0.2682916150	0.2602407554	0.2741499278	0.2770422746	0.2806598036	0.2664022367	0.2841146523	0.2779872016	0.2764447811	0.2814624575	0.2860340093	0.2846427251	0.2937601529	0.2850417315	0.2895909131	0.2845539009	0.2755540619	0.2999484780	0.2831595538	0.2783134567	0.2666832105	0.2824906685	0.2714837321	0.2817359064	0.2695124512	0.2739154506	0.2699042605	0.2775090205	0.2713001417	0.2774928609	0.2793490983
Ind_21	0.2910173743	0.2807052801	0.2864249871	0.2966777740	0.2812140210	0.2823988544	0.2848634826	0.2890477760	0.2784407123	0.2909827894	0.2811067731	0.2873388366	0.2904240124	0.2794368631	0.2856094181	0.2985432452	0.2774483838	0.2803472387	0.2919095517	0.2846590112	0.2482872447	0.0000000000	0.2576141688	0.2536107441	0.2581982358	0.2493298698	0.2543740663	0.2457015598	0.2656856992	0.2787175005	0.2890402882	0.2953036237	0.2860529901	0.2857148026	0.2855491786	0.2809545924	0.2789986804	0.2730608979	0.2697547369	0.2809755905	0.2841247886	0.2845673104	0.2742175622	0.2906128779	0.2827576747	0.2810483591	0.2839480302	0.2909212393	0.2899526568	0.2984752884	0.2894101673	0.2960301573	0.2891880365	0.2778060266	0.3036116065	0.2888360422	0.2827241628	0.2699229187	0.2888161345	0.2759665794	0.2870947057	0.2726629421	0.2799681086	0.2763704686	0.2846416251	0.2762843666	0.2817711994	0.2838519168
Ind_22	0.2937808865	0.2850049156	0.2896093632	0.3003277326	0.2857425175	0.2859737094	0.2905643036	0.2920591688	0.2820657631	0.2943196638	0.2865187924	0.2920717571	0.2947772338	0.2850318686	0.2911168703	0.3011216154	0.2798375875	0.2850005615	0.2965653685	0.2895471804	0.2567745750	0.2576141688	0.0000000000	0.2625111580	0.2637248666	0.2509177848	0.2597441880	0.2483079087	0.2660187128	0.2833652729	0.2927257756	0.2975783275	0.2904959393	0.2902221347	0.2906309120	0.2852836597	0.2819463784	0.2738032715	0.2742091994	0.2855028959	0.2879988191	0.2885627624	0.2784082782	0.2939920446	0.2850717868	0.2828566546	0.2888022995	0.2957587156	0.2935020643	0.3008716648	0.2945062700	0.2989340634	0.2932282259	0.2825771353	0.3097659161	0.2933289396	0.2864787031	0.2757050889	0.2909301290	0.2795176723	0.2896731880	0.2799569587	0.2836945325	0.2805737847	0.2863455712	0.2794356043	0.2853810903	0.2894610143
Ind_23	0.2962071722	0.2889205149	0.2932797108	0.3019347567	0.2887284275	0.2896674095	0.2932164504	0.2954249533	0.2860847678	0.2964722012	0.2876423532	0.2944538547	0.2973048268	0.2868966559	0.2896750457	0.3048491011	0.2850326883	0.2873841285	0.2996571632	0.2944128220	0.2605652578	0.2536107441	0.2625111580	0.0000000000	0.2768300365	0.2663533560	0.2716285978	0.2623175986	0.2686644273	0.2858727261	0.2977856180	0.3029931125	0.2939998281	0.2920290968	0.2903975089	0.2874815764	0.2864544678	0.2777715586	0.2752376805	0.2870991857	0.2896928844	0.2892034823	0.2773988487	0.2958403617	0.2893326381	0.2873611826	0.2929974792	0.2977421297	0.2979511247	0.3033255676	0.2950540986	0.3008094113	0.2968542828	0.2856947947	0.3101185381	0.2948967749	0.2912746285	0.2784442737	0.2942890053	0.2823466489	0.2929115482	0.2812256180	0.2872250552	0.2832293832	0.2887641966	0.2835015263	0.2863604980	0.2880300163
Ind_24	0.2852633179	0.2764812378	0.2820109524	0.2948113864	0.2784722392	0.2786142867	0.2846395927	0.2861681298	0.2722418288	0.2858227481	0.2767947115	0.2815102352	0.2880339995	0.2775233298	0.2825804304	0.2947809111	0.2723922339	0.2766698950	0.2868098619	0.2806611008	0.2544585757	0.2581982358	0.2637248666	0.2768300365	0.0000000000	0.2529935773	0.2522918938	0.2476406900	0.2764773980	0.2747862130	0.2873061264	0.2923514843	0.2837461869	0.2848475840	0.2836167866	0.2786440005	0.2738763347	0.2726063590	0.2681166097	0.2766700565	0.2817302151	0.2787913826	0.2743112659	0.2865969873	0.2749140378	0.2772489550	0.2794490127	0.2868174269	0.2890764261	0.2920488083	0.2871218707	0.2908445002	0.2851463338	0.2741328796	0.3024734028	0.2870538775	0.2777100275	0.2680438377	0.2830397346	0.2712712809	0.2819951907	0.2707647280	0.2750458619	0.2715471641	0.2761591809	0.2701984988	0.2759860955	0.2844629419
Ind_25	0.2885060823	0.2809347984	0.2852279227	0.2966151625	0.2811262712	0.2813892155	0.2854915348	0.2896048271	0.2768256004	0.2897427242	0.2810622853	0.2859594920	0.2919662401	0.2790435381	0.2858990141	0.2988965544	0.2768122555	0.2789798485	0.2918141571	0.2852161108	0.2445597299	0.2493298698	0.2509177848	0.2663533560	0.2529935773	0.0000000000	0.2635192876	0.2396580589	0.2624591651	0.2785962283	0.2884805874	0.2970932673	0.2872541342	0.2852124594	0.2860990812	0.2823427555	0.2761528759	0.2724088991	0.2657060787	0.2787392829	0.2833799603	0.2838553083	0.2743766892	0.2884345174	0.2809474089	0.2802697430	0.2836911557	0.2908390143	0.2899361550	0.2955237892	0.2895695131	0.2935104782	0.2873170955	0.2785296067	0.3048661184	0.2877170895	0.2802341214	0.2712269558	0.2870188939	0.2747412530	0.2857192096	0.2737232495	0.2781638586	0.2739157391	0.2829951001	0.2754859309	0.2783765439	0.2826829635
Ind_26	0.2853901433	0.2752175743	0.2798063686	0.2940860408	0.2765048596	0.2763327743	0.2836457499	0.2855912160	0.2710479296	0.2846715492	0.2768920030	0.2837481496	0.2862065749	0.2753316893	0.2828637666	0.2930323084	0.2715866721	0.2766616270	0.2866992134	0.2797459017	0.2586952735	0.2543740663	0.2597441880	0.2716285978	0.2522918938	0.2635192876	0.0000000000	0.2564083655	0.2766519061	0.2739308115	0.2865690001	0.2903185817	0.2823753659	0.2846330998	0.2826316250	0.2772727040	0.2721821105	0.2694016833	0.2688200698	0.2739936997	0.2805064800	0.2803475283	0.2701197487	0.2879391432	0.2758350621	0.2776356913	0.2800983485	0.2852551349	0.2890096514	0.2953589645	0.2848403695	0.2897663727	0.2849894319	0.2739498127	0.3018708539	0.2859393472	0.2778325830	0.2660617582	0.2841174319	0.2716936984	0.2813359880	0.2712003148	0.2761800120	0.2717631040	0.2775540424	0.2701020219	0.2780995898	0.2828623711
Ind_27	0.2856778447	0.2772831736	0.2791033683	0.2934482956	0.2769165206	0.2798145343	0.2843290183	0.2855961310	0.2734793724	0.2855210043	0.2754265192	0.2829066225	0.2882109274	0.2750876012	0.2829182681	0.2957307925	0.2724545093	0.2757387349	0.2881702920	0.2841290013	0.2482912452	0.2457015598	0.2483079087	0.2623175986	0.2476406900	0.2396580589	0.2564083655	0.0000000000	0.2634061754	0.2744895827	0.2840311917	0.2907454981	0.2807477626	0.2776295013	0.2819471174	0.2772532440	0.2753311186	0.2668361849	0.2612696698	0.2768148844	0.2787554367	0.2798428956	0.2702641357	0.2835353069	0.2775888440	0.2757014295	0.2810810547	0.2879511667	0.2883016725	0.2926636185	0.2867136333	0.2919512581	0.2846508920	0.2758482125	0.3026603514	0.2862953562	0.2763144085	0.2676029721	0.2828221097	0.2697991893	0.2824968405	0.2717038862	0.2736691879	0.2732139262	0.2772924104	0.2710629380	0.2758289323	0.2807222906
Ind_28	0.3080452351	0.2996478162	0.3040534948	0.3141850518	0.2997534665	0.3006236102	0.3039317888	0.3058082408	0.2979043543	0.3084289558	0.2977153361	0.3063207526	0.3093122078	0.2981752263	0.3013214214	0.3162981052	0.2947686421	0.2988045908	0.3085879908	0.3048223655	0.2622041970	0.2656856992	0.2660187128	0.2686644273	0.2764773980	0.2624591651	0.2766519061	0.2634061754	0.0000000000	0.2997355858	0.3062276929	0.3138731028	0.3048429374	0.3028839207	0.3035324633	0.2984876145	0.2955842819	0.2919027856	0.2867737565	0.2986587116	0.3017319117	0.3023482805	0.2918392237	0.3060526854	0.2995650742	0.2995500271	0.3031358061	0.3083961850	0.3091184208	0.3139465274	0.3063788027	0.3124254228	0.3075935670	0.2968110616	0.3206873396	0.3064304574	0.3019848644	0.2923812931	0.3050880183	0.2950875003	0.3048953690	0.2950383099	0.2980931255	0.2924938871	0.3015902578	0.2959093592	0.2996805312	0.3022230777
Ind_29	0.2903375650	0.2830742721	0.2863804116	0.2993849935	0.2841673876	0.2822622106	0.2896598993	0.2909988223	0.2789734603	0.2909340310	0.2835786229	0.2894409836	0.2930832369	0.2823611954	0.2899712351	0.2981636126	0.2803596168	0.2822778812	0.2908273364	0.2861790161	0.2737730666	0.2787175005	0.2833652729	0.2858727261	0.2747862130	0.2785962283	0.2739308115	0.2744895827	0.2997355858	0.0000000000	0.2784501477	0.2922972889	0.2875029397	0.2875551851	0.2817819239	0.2816582928	0.2785849146	0.2737778197	0.2732897359	0.2801403429	0.2826067080	0.2803717288	0.2735160644	0.2896676214	0.2835171395	0.2845745632	0.2866432726	0.2926565111	0.2937130847	0.3024649848	0.2924866758	0.2958450100	0.2888732439	0.2800970265	0.3075342749	0.2909518115	0.2841907661	0.2723343596	0.2890953109	0.2764535611	0.2891291188	0.2773912956	0.2792551376	0.2782222742	0.2830329395	0.2782083519	0.2830988892	0.2870521378
Ind_30	0.3006971315	0.2935735941	0.2965826003	0.3085327300	0.2949940908	0.2933846471	0.2985032724	0.3015020639	0.2905015420	0.2993103434	0.2933341828	0.2984856000	0.3036637812	0.2947350881	0.3013270650	0.3099402065	0.2914272796	0.2932701781	0.3018841334	0.2968710493	0.2831696620	0.2890402882	0.2927257756	0.2977856180	0.2873061264	0.2884805874	0.2865690001	0.2840311917	0.3062276929	0.2784501477	0.0000000000	0.3006640313	0.2952525882	0.2990166718	0.2965839255	0.2917513933	0.2910637744	0.2842465905	0.2827446840	0.2903067574	0.2968390405	0.2945740888	0.2850519929	0.3022334235	0.2939346450	0.2940748486	0.2954705501	0.3023190891	0.3023826161	0.3102890970	0.3022843951	0.3071768217	0.3008115269	0.2910994648	0.3171829759	0.2998997258	0.2926303620	0.2856443819	0.2987061225	0.2891368580	0.2956656118	0.2873301883	0.2915111463	0.2893419440	0.2945132320	0.2883344339	0.2950938297	0.2980402145
Ind_31	0.3049063051	0.2988141694	0.3013100860	0.3119420416	0.3006057183	0.2996719632	0.3049466675	0.3056004796	0.2956673859	0.3048109265	0.3005021907	0.3054303761	0.3052596739	0.2995674934	0.3056566539	0.3138208138	0.2974998798	0.2980096814	0.3080871890	0.3018855249	0.2922472477	0.2953036237	0.2975783275	0.3029931125	0.2923514843	0.2970932673	0.2903185817	0.2907454981	0.3138731028	0.2922972889	0.3006640313	0.0000000000	0.3028940292	0.3048204825	0.3019194239	0.2951720957	0.2921462705	0.2889342571	0.2915215683	0.2949411908	0.3010813357	0.2972055978	0.2923329077	0.3047303061	0.3010484211	0.2988598849	0.3024177298	0.3086130234	0.3076013239	0.3159424642	0.3061285868	0.3105879285	0.3054859227	0.2983681826	0.3208151345	0.3067275115	0.2982886200	0.2905617514	0.3044753430	0.2958648296	0.3035755190	0.2931873960	0.2978235126	0.2955274649	0.3001990825	0.2944490187	0.3006700020	0.3042448141
Ind_32	0.2959393098	0.2898195582	0.2915515026	0.3034686444	0.2897070317	0.2882395137	0.2937577013	0.2962137721	0.2841405126	0.2959452095	0.2881812785	0.2942089144	0.2988201749	0.2861814047	0.2950124380	0.3060780777	0.2844223874	0.2888799996	0.2981193621	0.2916011215	0.2815930984	0.2860529901	0.2904959393	0.2939998281	0.2837461869	0.2872541342	0.2823753659	0.2807477626	0.3048429374	0.2875029397	0.2952525882	0.3028940292	0.0000000000	0.2921296378	0.2970327049	0.2850029853	0.2884689626	0.2804005948	0.2791000560	0.2869519464	0.2933233310	0.2903515699	0.2838041621	0.2955876347	0.2897457575	0.2879374582	0.2928364677	0.2970251825	0.2986238204	0.3039487600	0.2961495471	0.3049995282	0.2944478911	0.2860359855	0.3117298919	0.2958293856	0.2914487682	0.2831430580	0.2951120227	0.2847137303	0.2941149847	0.2825788492	0.2875518892	0.2843855749	0.2907631686	0.2855571137	0.2874255067	0.2914787724
Ind_33	0.3002672940	0.2916575707	0.2964136559	0.3071659526	0.2931630460	0.2923530916	0.2974308140	0.2991055179	0.2895706968	0.2984627221	0.2905293656	0.2975986284	0.3030571375	0.2908580215	0.2969603353	0.3085511637	0.2873938683	0.2916673287	0.3027345467	0.2993060795	0.2790116764	0.2857148026	0.2902221347	0.2920290968	0.2848475840	0.2852124594	0.2846330998	0.2776295013	0.3028839207	0.2875551851	0.2990166718	0.3048204825	0.2921296378	0.0000000000	0.2874296863	0.2913182531	0.2910060455	0.2809284153	0.2812790322	0.2895718356	0.2922871315	0.2945411694	0.2830410342	0.3012177797	0.2926233165	0.2905870015	0.2971358733	0.2995775842	0.3009321956	0.3070495461	0.2977162741	0.3034753903	0.3001022431	0.2893597762	0.3146161810	0.2987767862	0.2928643084	0.2843217048	0.2978666528	0.2859103497	0.2965617349	0.2875829596	0.2893208691	0.2889794522	0.2919031307	0.2882591988	0.2938048076	0.2979820174
Ind_34	0.3003096901	0.2904796461	0.2946139849	0.3063733951	0.2906025323	0.2913633899	0.2974661065	0.2963454439	0.2875399690	0.2975893725	0.2882677753	0.2956151928	0.2993587179	0.2880802351	0.2937783712	0.3056110187	0.2856023088	0.2895362831	0.3019748474	0.2960145660	0.2806187112	0.2855491786	0.2906309120	0.2903975089	0.2836167866	0.2860990812	0.2826316250	0.2819471174	0.3035324633	0.2817819239	0.2965839255	0.3019194239	0.2970327049	0.2874296863	0.0000000000	0.2864337100	0.2837959928	0.2756072080	0.2780008094	0.2872560854	0.2892217933	0.2898560409	0.2777494802	0.2963889603	0.2909708273	0.2882739650	0.2962681726	0.3017239630	0.2998813179	0.3075703575	0.2969609771	0.3031117658	0.2970798131	0.2865986218	0.3121797938	0.2973654222	0.2913556993	0.2809794844	0.2977121362	0.2828659892	0.2943672461	0.2839255928	0.2873882784	0.2869973580	0.2893439411	0.2874558962	0.2890229483	0.2951478814
Ind_35	0.2897046408	0.2816606565	0.2865765392	0.2984771993	0.2828992914	0.2822629199	0.2887154020	0.2903066388	0.2810063545	0.2894698280	0.2812558694	0.2896732950	0.2912473796	0.2822901462	0.2865374448	0.3016562788	0.2770410420	0.2829944739	0.2927743759	0.2867530022	0.2756777565	0.2809545924	0.2852836597	0.2874815764	0.2786440005	0.2823427555	0.2772727040	0.2772532440	0.2984876145	0.2816582928	0.2917513933	0.2951720957	0.2850029853	0.2913182531	0.2864337100	0.0000000000	0.2764637220	0.2749570352	0.2713613627	0.2789763511	0.2834784750	0.2840661570	0.2723929455	0.2907912562	0.2829018793	0.2810888300	0.2876182264	0.2930284051	0.2940040331	0.3000018526	0.2894334757	0.2980140157	0.2905590093	0.2801069396	0.3077007918	0.2895850419	0.2851328909	0.2742575352	0.2885547903	0.2778256857	0.2884228237	0.2775862206	0.2818633701	0.2799822860	0.2844777985	0.2803356201	0.2821790643	0.2866728725
Ind_36	0.2904859370	0.2842543384	0.2852857207	0.2990182249	0.2836058052	0.2814152750	0.2901767555	0.2910176255	0.2792301405	0.2895669317	0.2826656743	0.2892579907	0.2908942895	0.2821195885	0.2888688731	0.2995640595	0.2785149573	0.2816159176	0.2918262161	0.2856411403	0.2704986111	0.2789986804	0.2819463784	0.2864544678	0.2738763347	0.2761528759	0.2721821105	0.2753311186	0.2955842819	0.2785849146	0.2910637744	0.2921462705	0.2884689626	0.2910060455	0.2837959928	0.2764637220	0.0000000000	0.2730208575	0.2731710452	0.2775530161	0.2812939059	0.2810516863	0.2734307639	0.2890856232	0.2833340331	0.2842913426	0.2872957318	0.2927672988	0.2927180456	0.2996690136	0.2904836937	0.2963744810	0.2905444684	0.2809785919	0.3070091700	0.2905007060	0.2853788740	0.2744618655	0.2883843690	0.2760397955	0.2876249651	0.2766741614	0.2807156553	0.2771639414	0.2822550168	0.2789482382	0.2831668453	0.2894810738
Ind_37	0.2849159636	0.2776433221	0.2802676573	0.2935001559	0.2781532656	0.2766383655	0.2836242822	0.2840182213	0.2712437890	0.2830998741	0.2746861301	0.2835510353	0.2859873383	0.2751405457	0.2826545688	0.2935812153	0.2702809054	0.2768975176	0.2887220189	0.2814341147	0.2682916150	0.2730608979	0.2738032715	0.2777715586	0.2726063590	0.2724088991	0.2694016833	0.2668361849	0.2919027856	0.2737778197	0.2842465905	0.2889342571	0.2804005948	0.2809284153	0.2756072080	0.2749570352	0.2730208575	0.0000000000	0.2627044489	0.2691534500	0.2579358577	0.2779643549	0.2602857555	0.2750573511	0.2774653272	0.2758434147	0.2812944692	0.2873284491	0.2859547118	0.2914497019	0.2837927766	0.2916251597	0.2833882187	0.2729717833	0.3026304697	0.2825580721	0.2772130600	0.2681387380	0.2840780782	0.2693945849	0.2809952695	0.2701064224	0.2742619880	0.2723160323	0.2772115484	0.2709554685	0.2761166403	0.2819149608
Ind_38	0.2833637345	0.2753765592	0.2780783051	0.2937516085	0.2771408418	0.2763433324	0.2821870690	0.2836336098	0.2726166542	0.2836638016	0.2734533491	0.2823485271	0.2866500210	0.2739296146	0.2794412067	0.2957651339	0.2705938999	0.2744643378	0.2882418796	0.2812097061	0.2602407554	0.2697547369	0.2742091994	0.2752376805	0.2681166097	0.2657060787	0.2688200698	0.2612696698	0.2867737565	0.2732897359	0.2827446840	0.2915215683	0.2791000560	0.2812790322	0.2780008094	0.2713613627	0.2731710452	0.2627044489	0.0000000000	0.2709159650	0.2776656251	0.2742153835	0.2647962278	0.2840590157	0.2758714925	0.2743858193	0.2801716130	0.2856442735	0.2872578055	0.2929142445	0.2846932938	0.2909933051	0.2856351482	0.2718009766	0.3020589534	0.2846504576	0.2771009294	0.2667081541	0.2815904554	0.2688405229	0.2820703155	0.2708632262	0.2733515595	0.2714353330	0.2758140610	0.2703592090	0.2761078208	0.2799928359
Ind_39	0.2881296579	0.2817670206	0.2851107942	0.2968813028	0.2810146780	0.2811881318	0.2883334940	0.2909538842	0.2759007560	0.2886488921	0.2818422664	0.2877100362	0.2912609127	0.2815952075	0.2884845147	0.2981217119	0.2784759220	0.2822301663	0.2900638146	0.2855931882	0.2741499278	0.2809755905	0.2855028959	0.2870991857	0.2766700565	0.2787392829	0.2739936997	0.2768148844	0.2986587116	0.2801403429	0.2903067574	0.2949411908	0.2869519464	0.2895718356	0.2872560854	0.2789763511	0.2775530161	0.2691534500	0.2709159650	0.0000000000	0.2812032149	0.2774159260	0.2675641723	0.2881846846	0.2813914545	0.2832285091	0.2846742533	0.2914326813	0.2910224283	0.2983119140	0.2898965595	0.2945133017	0.2875734578	0.2783498204	0.3065562808	0.2891930836	0.2826602703	0.2718732930	0.2871459344	0.2745833739	0.2858362478	0.2723003448	0.2784295330	0.2754461165	0.2812079961	0.2770072419	0.2824588013	0.2887585753
Ind_40	0.2977549975	0.2878609201	0.2926751222	0.3034191676	0.2897133204	0.2890058503	0.2941050376	0.2955686767	0.2867959422	0.2957492557	0.2867375016	0.2947705784	0.2973572438	0.2879805740	0.2941275721	0.3056460645	0.2825961863	0.2883322393	0.2992422319	0.2928757902	0.2770422746	0.2841247886	0.2879988191	0.2896928844	0.2817302151	0.2833799603	0.2805064800	0.2787554367	0.3017319117	0.2826067080	0.2968390405	0.3010813357	0.2933233310	0.2922871315	0.2892217933	0.2834784750	0.2812939059	0.2579358577	0.2776656251	0.2812032149	0.0000000000	0.2780668055	0.2723314511	0.2564300090	0.2891600837	0.2889193315	0.2915652952	0.2971484344	0.2973722824	0.3052205759	0.2962973416	0.3015146372	0.2946900116	0.2852946528	0.3112326880	0.2957560249	0.2892995426	0.2821253637	0.2969163243	0.2823581447	0.2916693975	0.2838833060	0.2883217953	0.2849282297	0.2876365725	0.2840636834	0.2894300194	0.2928880357
Ind_41	0.2935220995	0.2853321590	0.2881204507	0.3019395285	0.2885305228	0.2869667470	0.2918983167	0.2950800271	0.2826785848	0.2938359975	0.2866938015	0.2912003519	0.2931835251	0.2859878518	0.2914283673	0.3060626369	0.2848718408	0.2861758476	0.2948347305	0.2898026177	0.2806598036	0.2845673104	0.2885627624	0.2892034823	0.2787913826	0.2838553083	0.2803475283	0.2798428956	0.3023482805	0.2803717288	0.2945740888	0.2972055978	0.2903515699	0.2945411694	0.2898560409	0.2840661570	0.2810516863	0.2779643549	0.2742153835	0.2774159260	0.2780668055	0.0000000000	0.2690744591	0.2858776823	0.2866535588	0.2868425737	0.2883161874	0.2980083099	0.2966062129	0.3034504316	0.2947875093	0.3008840386	0.2918623985	0.2832929105	0.3090373540	0.2950625251	0.2882981836	0.2775342767	0.2933126016	0.2812329712	0.2909709734	0.2808171598	0.2841622015	0.2824162644	0.2855182355	0.2830132891	0.2884095628	0.2909444735
Ind_42	0.2869541370	0.2780394578	0.2815660139	0.2956805951	0.2794448478	0.2782137037	0.2854939170	0.2866385478	0.2740249145	0.2850614028	0.2765649647	0.2859383476	0.2879968258	0.2767677145	0.2821769607	0.2965682951	0.2747058506	0.2774499372	0.2902929396	0.2824489799	0.2664022367	0.2742175622	0.2784082782	0.2773988487	0.2743112659	0.2743766892	0.2701197487	0.2702641357	0.2918392237	0.2735160644	0.2850519929	0.2923329077	0.2838041621	0.2830410342	0.2777494802	0.2723929455	0.2734307639	0.2602857555	0.2647962278	0.2675641723	0.2723314511	0.2690744591	0.0000000000	0.2803593643	0.2803962217	0.2770304503	0.2825231237	0.2894589096	0.2858486023	0.2965492417	0.2851242870	0.2910962573	0.2850819208	0.2739938082	0.3022631715	0.2832333187	0.2811722377	0.2679301292	0.2825072316	0.2708038010	0.2819492597	0.2717817336	0.2768838434	0.2730302783	0.2757577187	0.2728579125	0.2781011684	0.2814943800
Ind_43	0.3014433688	0.2951972214	0.2974326131	0.3077840392	0.2965726424	0.2951887078	0.2998407994	0.2993479795	0.2928731609	0.3007226225	0.2925777597	0.2994188500	0.3018594332	0.2945711344	0.2982892064	0.3102258977	0.2906969382	0.2946923724	0.3047490750	0.2971116520	0.2841146523	0.2906128779	0.2939920446	0.2958403617	0.2865969873	0.2884345174	0.2879391432	0.2835353069	0.3060526854	0.2896676214	0.3022334235	0.3047303061	0.2955876347	0.3012177797	0.2963889603	0.2907912562	0.2890856232	0.2750573511	0.2840590157	0.2881846846	0.2564300090	0.2858776823	0.2803593643	0.0000000000	0.2957584489	0.2944396348	0.2974235363	0.3019425161	0.3016210353	0.3094700233	0.3013316863	0.3072127562	0.3000363786	0.2919230309	0.3157823074	0.3033695322	0.2956274361	0.2876797552	0.3021777725	0.2897660234	0.2977702661	0.2898591814	0.2934244053	0.2901506241	0.2959203257	0.2913128951	0.2948995666	0.2969196741
